Row Labels,1,2,3,4,5,6,7,8,9,10,11,12,13,14,15,16,17,18,19,20,21,22,23,24,25,26,27,28,29,30,31,32,33,34,35,36,37,38,39,40,41,42,43,44,Grand Total
1,0.0000,0.0994,0.0586,0.0808,0.0808,0.0690,0.1009,0.0953,0.0929,0.1770,0.0732,0.0829,0.0919,0.0909,0.0837,0.1008,0.0771,0.1154,0.1117,0.0827,0.0868,0.1498,0.0806,0.1249,0.0842,0.0942,0.1190,0.1021,0.1442,0.0821,0.1170,0.0782,0.1423,0.1099,0.1157,0.0867,0.0938,0.0986,0.0951,0.1026,0.1231,0.0827,0.0952,0.1498,0.0983
2,0.0994,0.0000,0.0941,0.1042,0.0970,0.0927,0.0825,0.1078,0.1034,0.2346,0.1010,0.1103,0.1087,0.0798,0.0893,0.1135,0.0866,0.1027,0.1540,0.0955,0.1083,0.1396,0.0981,0.1792,0.0977,0.1479,0.1596,0.1212,0.1823,0.1314,0.1614,0.1085,0.1247,0.1559,0.1016,0.0950,0.1408,0.1362,0.0897,0.1094,0.1634,0.0923,0.1555,0.2074,0.1196
3,0.0586,0.0941,0.0000,0.0719,0.0743,0.0631,0.0938,0.0929,0.0899,0.1695,0.0712,0.0732,0.0816,0.0847,0.0749,0.0798,0.0705,0.1077,0.1038,0.0657,0.0704,0.1552,0.0730,0.1157,0.0873,0.0876,0.1112,0.0924,0.1389,0.0747,0.1073,0.0725,0.1379,0.1002,0.1061,0.0804,0.0832,0.0859,0.0872,0.0914,0.1118,0.0803,0.0928,0.1425,0.0911
4,0.0808,0.1042,0.0719,0.0000,0.0808,0.0876,0.0973,0.0838,0.0808,0.1498,0.0673,0.0683,0.0729,0.0965,0.0883,0.0868,0.0806,0.1148,0.0868,0.0706,0.0713,0.1858,0.0745,0.0964,0.1204,0.0838,0.0978,0.0794,0.1160,0.0904,0.0973,0.0752,0.1551,0.1008,0.1322,0.0976,0.0795,0.1172,0.0991,0.1030,0.0920,0.0981,0.0852,0.1253,0.0942
5,0.0808,0.0970,0.0743,0.0808,0.0000,0.0705,0.0972,0.0966,0.0841,0.1822,0.0794,0.0877,0.0928,0.0903,0.0860,0.0973,0.0721,0.1198,0.1145,0.0791,0.0872,0.1686,0.0833,0.1303,0.1092,0.0998,0.1183,0.1020,0.1467,0.0911,0.1185,0.0925,0.1372,0.1166,0.1124,0.0953,0.0985,0.1076,0.0868,0.0987,0.1241,0.0971,0.1066,0.1552,0.1015
6,0.0690,0.0927,0.0631,0.0876,0.0705,0.0000,0.0917,0.0972,0.1010,0.1755,0.0877,0.0826,0.0899,0.0811,0.0836,0.0851,0.0704,0.1083,0.1085,0.0710,0.0878,0.1555,0.0765,0.1230,0.0873,0.0921,0.1197,0.1056,0.1422,0.0746,0.1104,0.0889,0.1347,0.1031,0.1043,0.0916,0.0881,0.0768,0.0924,0.0884,0.1156,0.0888,0.0990,0.1487,0.0957
7,0.1009,0.0825,0.0938,0.0973,0.0972,0.0917,0.0000,0.0957,0.1001,0.2135,0.0940,0.1002,0.0963,0.0800,0.0789,0.0972,0.0799,0.1007,0.1353,0.0815,0.0950,0.1539,0.0903,0.1588,0.1048,0.1359,0.1424,0.1067,0.1617,0.1291,0.1444,0.1057,0.1331,0.1415,0.1143,0.0997,0.1310,0.1325,0.0926,0.1131,0.1428,0.0897,0.1410,0.1871,0.1128
8,0.0953,0.1078,0.0929,0.0838,0.0966,0.0972,0.0957,0.0000,0.0903,0.1641,0.0756,0.0825,0.0751,0.0843,0.0765,0.0970,0.0772,0.1205,0.0886,0.0798,0.0890,0.1995,0.0641,0.1120,0.1326,0.1058,0.0933,0.0901,0.1196,0.1168,0.1014,0.1020,0.1686,0.1186,0.1512,0.1009,0.1041,0.1379,0.1179,0.1216,0.1052,0.1165,0.1007,0.1417,0.1044
9,0.0929,0.1034,0.0899,0.0808,0.0841,0.1010,0.1001,0.0903,0.0000,0.1734,0.0760,0.0875,0.0871,0.0996,0.0916,0.1064,0.0915,0.1244,0.1069,0.0830,0.0783,0.1839,0.0906,0.1219,0.1281,0.1059,0.1120,0.0948,0.1384,0.1139,0.1148,0.0891,0.1523,0.1212,0.1365,0.0935,0.1061,0.1338,0.0981,0.1180,0.1170,0.1051,0.1053,0.1481,0.1063
10,0.1770,0.2346,0.1695,0.1498,0.1822,0.1755,0.2135,0.1641,0.1734,0.0000,0.1617,0.1399,0.1439,0.2084,0.1961,0.1494,0.1876,0.2117,0.0853,0.1539,0.1499,0.3198,0.1590,0.0634,0.2361,0.0991,0.0876,0.1452,0.0808,0.1286,0.0861,0.1668,0.2603,0.0940,0.2490,0.1947,0.1048,0.1506,0.2207,0.1743,0.0828,0.2204,0.0932,0.0552,0.1568
11,0.0732,0.1010,0.0712,0.0673,0.0794,0.0877,0.0940,0.0756,0.0760,0.1617,0.0000,0.0667,0.0726,0.0912,0.0742,0.0910,0.0787,0.1113,0.0944,0.0711,0.0655,0.1785,0.0721,0.1087,0.1150,0.0894,0.0987,0.0856,0.1256,0.0979,0.1040,0.0802,0.1489,0.1095,0.1310,0.0881,0.0898,0.1184,0.0967,0.1058,0.1048,0.0937,0.0900,0.1365,0.0948
12,0.0829,0.1103,0.0732,0.0683,0.0877,0.0826,0.1002,0.0825,0.0875,0.1399,0.0667,0.0000,0.0706,0.0969,0.0811,0.0786,0.0789,0.1113,0.0749,0.0616,0.0672,0.1951,0.0621,0.0877,0.1233,0.0740,0.0916,0.0820,0.1080,0.0837,0.0849,0.0882,0.1543,0.0856,0.1374,0.0955,0.0740,0.1040,0.1119,0.0996,0.0807,0.1031,0.0817,0.1167,0.0915
13,0.0919,0.1087,0.0816,0.0729,0.0928,0.0899,0.0963,0.0751,0.0871,0.1439,0.0726,0.0706,0.0000,0.0939,0.0848,0.0839,0.0794,0.1159,0.0805,0.0697,0.0730,0.2015,0.0738,0.0919,0.1306,0.0834,0.0872,0.0922,0.1052,0.0951,0.0891,0.0895,0.1601,0.0968,0.1408,0.1023,0.0844,0.1100,0.1112,0.1038,0.0888,0.1048,0.0867,0.1189,0.0957
14,0.0909,0.0798,0.0847,0.0965,0.0903,0.0811,0.0800,0.0843,0.0996,0.2084,0.0912,0.0969,0.0939,0.0000,0.0754,0.1034,0.0680,0.1052,0.1278,0.0813,0.1005,0.1560,0.0747,0.1536,0.0923,0.1255,0.1347,0.1081,0.1585,0.1166,0.1375,0.0985,0.1341,0.1333,0.1151,0.0908,0.1200,0.1217,0.0956,0.1012,0.1425,0.0974,0.1316,0.1822,0.1082
15,0.0837,0.0893,0.0749,0.0883,0.0860,0.0836,0.0789,0.0765,0.0916,0.1961,0.0742,0.0811,0.0848,0.0754,0.0000,0.0994,0.0637,0.1041,0.1163,0.0766,0.0841,0.1629,0.0674,0.1410,0.1080,0.1153,0.1217,0.0932,0.1464,0.1154,0.1253,0.0941,0.1452,0.1273,0.1230,0.0851,0.1129,0.1220,0.0966,0.1109,0.1276,0.0859,0.1174,0.1697,0.1028
16,0.1008,0.1135,0.0798,0.0868,0.0973,0.0851,0.0972,0.0970,0.1064,0.1494,0.0910,0.0786,0.0839,0.1034,0.0994,0.0000,0.0933,0.1087,0.0941,0.0660,0.0740,0.1892,0.0838,0.1053,0.1238,0.0969,0.1003,0.1025,0.1198,0.0938,0.0990,0.1021,0.1560,0.0958,0.1331,0.1046,0.0912,0.1036,0.1081,0.1004,0.0961,0.1083,0.1072,0.1291,0.1013
17,0.0771,0.0866,0.0705,0.0806,0.0721,0.0704,0.0799,0.0772,0.0915,0.1876,0.0787,0.0789,0.0794,0.0680,0.0637,0.0933,0.0000,0.1066,0.1101,0.0725,0.0890,0.1686,0.0688,0.1331,0.1008,0.1056,0.1175,0.0938,0.1402,0.0962,0.1185,0.0923,0.1390,0.1158,0.1176,0.0908,0.1022,0.1092,0.0918,0.1013,0.1197,0.0890,0.1110,0.1615,0.0981
18,0.1154,0.1027,0.1077,0.1148,0.1198,0.1083,0.1007,0.1205,0.1244,0.2117,0.1113,0.1113,0.1159,0.1052,0.1041,0.1087,0.1066,0.0000,0.1388,0.0998,0.1137,0.1452,0.1066,0.1585,0.1128,0.1428,0.1538,0.1206,0.1678,0.1378,0.1465,0.1183,0.1381,0.1469,0.1240,0.1115,0.1366,0.1412,0.1103,0.1227,0.1437,0.1137,0.1484,0.1861,0.1244
19,0.1117,0.1540,0.1038,0.0868,0.1145,0.1085,0.1353,0.0886,0.1069,0.0853,0.0944,0.0749,0.0805,0.1278,0.1163,0.0941,0.1101,0.1388,0.0000,0.0836,0.0915,0.2457,0.0849,0.0472,0.1683,0.0683,0.0611,0.0852,0.0718,0.0884,0.0553,0.1090,0.1914,0.0663,0.1779,0.1237,0.0631,0.1138,0.1471,0.1203,0.0563,0.1469,0.0613,0.0723,0.1030
20,0.0827,0.0955,0.0657,0.0706,0.0791,0.0710,0.0815,0.0798,0.0830,0.1539,0.0711,0.0616,0.0697,0.0813,0.0766,0.0660,0.0725,0.0998,0.0836,0.0000,0.0599,0.1826,0.0645,0.1005,0.1131,0.0827,0.0939,0.0776,0.1185,0.0805,0.0894,0.0874,0.1470,0.0891,0.1201,0.0892,0.0798,0.0983,0.0981,0.0945,0.0915,0.0971,0.0930,0.1288,0.0891
21,0.0868,0.1083,0.0704,0.0713,0.0872,0.0878,0.0950,0.0890,0.0783,0.1499,0.0655,0.0672,0.0730,0.1005,0.0841,0.0740,0.0890,0.1137,0.0915,0.0599,0.0000,0.1873,0.0734,0.0981,0.1218,0.0844,0.0942,0.0847,0.1227,0.0929,0.0949,0.0838,0.1579,0.0993,0.1323,0.0962,0.0852,0.1042,0.0981,0.1037,0.0956,0.0961,0.0915,0.1252,0.0947
22,0.1498,0.1396,0.1552,0.1858,0.1686,0.1555,0.1539,0.1995,0.1839,0.3198,0.1785,0.1951,0.2015,0.1560,0.1629,0.1892,0.1686,0.1452,0.2457,0.1826,0.1873,0.0000,0.1878,0.2642,0.1139,0.2320,0.2505,0.2021,0.2742,0.2018,0.2503,0.1677,0.1440,0.2403,0.1166,0.1570,0.2228,0.1895,0.1402,0.1721,0.2514,0.1368,0.2351,0.2922,0.1879
23,0.0806,0.0981,0.0730,0.0745,0.0833,0.0765,0.0903,0.0641,0.0906,0.1590,0.0721,0.0621,0.0738,0.0747,0.0674,0.0838,0.0688,0.1066,0.0849,0.0645,0.0734,0.1878,0.0000,0.1053,0.1157,0.0898,0.0945,0.0815,0.1177,0.0947,0.0940,0.0880,0.1555,0.0975,0.1341,0.0881,0.0850,0.1085,0.1057,0.1033,0.0979,0.1015,0.0913,0.1339,0.0930
24,0.1249,0.1792,0.1157,0.0964,0.1303,0.1230,0.1588,0.1120,0.1219,0.0634,0.1087,0.0877,0.0919,0.1536,0.1410,0.1053,0.1331,0.1585,0.0472,0.1005,0.0981,0.2642,0.1053,0.0000,0.1813,0.0591,0.0654,0.0983,0.0677,0.0879,0.0525,0.1127,0.2093,0.0668,0.1940,0.1430,0.0613,0.1095,0.1662,0.1263,0.0487,0.1657,0.0592,0.0484,0.1124
25,0.0842,0.0977,0.0873,0.1204,0.1092,0.0873,0.1048,0.1326,0.1281,0.2361,0.1150,0.1233,0.1306,0.0923,0.1080,0.1238,0.1008,0.1128,0.1683,0.1131,0.1218,0.1139,0.1157,0.1813,0.0000,0.1500,0.1741,0.1421,0.1965,0.1236,0.1689,0.1031,0.1241,0.1588,0.0992,0.1003,0.1436,0.1176,0.1036,0.1103,0.1711,0.0979,0.1523,0.2079,0.1262
26,0.0942,0.1479,0.0876,0.0838,0.0998,0.0921,0.1359,0.1058,0.1059,0.0991,0.0894,0.0740,0.0834,0.1255,0.1153,0.0969,0.1056,0.1428,0.0683,0.0827,0.0844,0.2320,0.0898,0.0591,0.1500,0.0000,0.0780,0.0987,0.0946,0.0581,0.0601,0.0914,0.1811,0.0615,0.1625,0.1223,0.0534,0.0827,0.1342,0.1053,0.0759,0.1341,0.0528,0.0736,0.0994
27,0.1190,0.1596,0.1112,0.0978,0.1183,0.1197,0.1424,0.0933,0.1120,0.0876,0.0987,0.0916,0.0872,0.1347,0.1217,0.1003,0.1175,0.1538,0.0611,0.0939,0.0942,0.2505,0.0945,0.0654,0.1741,0.0780,0.0000,0.1029,0.0775,0.1052,0.0672,0.1150,0.2022,0.0875,0.1873,0.1325,0.0802,0.1282,0.1488,0.1313,0.0762,0.1514,0.0751,0.0808,0.1120
28,0.1021,0.1212,0.0924,0.0794,0.1020,0.1056,0.1067,0.0901,0.0948,0.1452,0.0856,0.0820,0.0922,0.1081,0.0932,0.1025,0.0938,0.1206,0.0852,0.0776,0.0847,0.2021,0.0815,0.0983,0.1421,0.0987,0.1029,0.0000,0.1201,0.1093,0.0978,0.0985,0.1683,0.1036,0.1477,0.1051,0.0917,0.1298,0.1237,0.1255,0.0880,0.1186,0.0997,0.1237,0.1055
29,0.1442,0.1823,0.1389,0.1160,0.1467,0.1422,0.1617,0.1196,0.1384,0.0808,0.1256,0.1080,0.1052,0.1585,0.1464,0.1198,0.1402,0.1678,0.0718,0.1185,0.1227,0.2742,0.1177,0.0677,0.1965,0.0946,0.0775,0.1201,0.0000,0.1208,0.0820,0.1372,0.2170,0.0949,0.2089,0.1591,0.0949,0.1430,0.1759,0.1434,0.0714,0.1738,0.0922,0.0792,0.1295
30,0.0821,0.1314,0.0747,0.0904,0.0911,0.0746,0.1291,0.1168,0.1139,0.1286,0.0979,0.0837,0.0951,0.1166,0.1154,0.0938,0.0962,0.1378,0.0884,0.0805,0.0929,0.2018,0.0947,0.0879,0.1236,0.0581,0.1052,0.1093,0.1208,0.0000,0.0815,0.0946,0.1620,0.0690,0.1348,0.1132,0.0633,0.0643,0.1196,0.0927,0.0960,0.1179,0.0755,0.1023,0.1004
31,0.1170,0.1614,0.1073,0.0973,0.1185,0.1104,0.1444,0.1014,0.1148,0.0861,0.1040,0.0849,0.0891,0.1375,0.1253,0.0990,0.1185,0.1465,0.0553,0.0894,0.0949,0.2503,0.0940,0.0525,0.1689,0.0601,0.0672,0.0978,0.0820,0.0815,0.0000,0.1083,0.1992,0.0651,0.1817,0.1305,0.0652,0.1005,0.1537,0.1210,0.0633,0.1546,0.0635,0.0662,0.1075
32,0.0782,0.1085,0.0725,0.0752,0.0925,0.0889,0.1057,0.1020,0.0891,0.1668,0.0802,0.0882,0.0895,0.0985,0.0941,0.1021,0.0923,0.1183,0.1090,0.0874,0.0838,0.1677,0.0880,0.1127,0.1031,0.0914,0.1150,0.0985,0.1372,0.0946,0.1083,0.0000,0.1508,0.1112,0.1265,0.0973,0.0901,0.1098,0.1017,0.1050,0.1129,0.0993,0.0927,0.1392,0.1017
33,0.1423,0.1247,0.1379,0.1551,0.1372,0.1347,0.1331,0.1686,0.1523,0.2603,0.1489,0.1543,0.1601,0.1341,0.1452,0.1560,0.1390,0.1381,0.1914,0.1470,0.1579,0.1440,0.1555,0.2093,0.1241,0.1811,0.2022,0.1683,0.2170,0.1620,0.1992,0.1508,0.0000,0.1848,0.1234,0.1415,0.1737,0.1572,0.1219,0.1410,0.1986,0.1348,0.1903,0.2336,0.1576
34,0.1099,0.1559,0.1002,0.1008,0.1166,0.1031,0.1415,0.1186,0.1212,0.0940,0.1095,0.0856,0.0968,0.1333,0.1273,0.0958,0.1158,0.1469,0.0663,0.0891,0.0993,0.2403,0.0975,0.0668,0.1588,0.0615,0.0875,0.1036,0.0949,0.0690,0.0651,0.1112,0.1848,0.0000,0.1692,0.1258,0.0620,0.0836,0.1465,0.1103,0.0781,0.1444,0.0742,0.0761,0.1077
35,0.1157,0.1016,0.1061,0.1322,0.1124,0.1043,0.1143,0.1512,0.1365,0.2490,0.1310,0.1374,0.1408,0.1151,0.1230,0.1331,0.1176,0.1240,0.1779,0.1201,0.1323,0.1166,0.1341,0.1940,0.0992,0.1625,0.1873,0.1477,0.2089,0.1348,0.1817,0.1265,0.1234,0.1692,0.0000,0.1234,0.1557,0.1301,0.1028,0.1196,0.1833,0.1074,0.1723,0.2208,0.1381
36,0.0867,0.0950,0.0804,0.0976,0.0953,0.0916,0.0997,0.1009,0.0935,0.1947,0.0881,0.0955,0.1023,0.0908,0.0851,0.1046,0.0908,0.1115,0.1237,0.0892,0.0962,0.1570,0.0881,0.1430,0.1003,0.1223,0.1325,0.1051,0.1591,0.1132,0.1305,0.0973,0.1415,0.1258,0.1234,0.0000,0.1171,0.1135,0.1010,0.1077,0.1351,0.0958,0.1225,0.1687,0.1094
37,0.0938,0.1408,0.0832,0.0795,0.0985,0.0881,0.1310,0.1041,0.1061,0.1048,0.0898,0.0740,0.0844,0.1200,0.1129,0.0912,0.1022,0.1366,0.0631,0.0798,0.0852,0.2228,0.0850,0.0613,0.1436,0.0534,0.0802,0.0917,0.0949,0.0633,0.0652,0.0901,0.1737,0.0620,0.1557,0.1171,0.0000,0.0835,0.1320,0.1026,0.0758,0.1303,0.0580,0.0792,0.0975
38,0.0986,0.1362,0.0859,0.1172,0.1076,0.0768,0.1325,0.1379,0.1338,0.1506,0.1184,0.1040,0.1100,0.1217,0.1220,0.1036,0.1092,0.1412,0.1138,0.0983,0.1042,0.1895,0.1085,0.1095,0.1176,0.0827,0.1282,0.1298,0.1430,0.0643,0.1005,0.1098,0.1572,0.0836,0.1301,0.1135,0.0835,0.0000,0.1234,0.0958,0.1143,0.1205,0.0996,0.1209,0.1125
39,0.0951,0.0897,0.0872,0.0991,0.0868,0.0924,0.0926,0.1179,0.0981,0.2207,0.0967,0.1119,0.1112,0.0956,0.0966,0.1081,0.0918,0.1103,0.1471,0.0981,0.0981,0.1402,0.1057,0.1662,0.1036,0.1342,0.1488,0.1237,0.1759,0.1196,0.1537,0.1017,0.1219,0.1465,0.1028,0.1010,0.1320,0.1234,0.0000,0.1104,0.1571,0.0865,0.1433,0.1932,0.1167
40,0.1026,0.1094,0.0914,0.1030,0.0987,0.0884,0.1131,0.1216,0.1180,0.1743,0.1058,0.0996,0.1038,0.1012,0.1109,0.1004,0.1013,0.1227,0.1203,0.0945,0.1037,0.1721,0.1033,0.1263,0.1103,0.1053,0.1313,0.1255,0.1434,0.0927,0.1210,0.1050,0.1410,0.1103,0.1196,0.1077,0.1026,0.0958,0.1104,0.0000,0.1264,0.1169,0.1159,0.1496,0.1118
41,0.1231,0.1634,0.1118,0.0920,0.1241,0.1156,0.1428,0.1052,0.1170,0.0828,0.1048,0.0807,0.0888,0.1425,0.1276,0.0961,0.1197,0.1437,0.0563,0.0915,0.0956,0.2514,0.0979,0.0487,0.1711,0.0759,0.0762,0.0880,0.0714,0.0960,0.0633,0.1129,0.1986,0.0781,0.1833,0.1351,0.0758,0.1143,0.1571,0.1264,0.0000,0.1539,0.0771,0.0685,0.1101
42,0.0827,0.0923,0.0803,0.0981,0.0971,0.0888,0.0897,0.1165,0.1051,0.2204,0.0937,0.1031,0.1048,0.0974,0.0859,0.1083,0.0890,0.1137,0.1469,0.0971,0.0961,0.1368,0.1015,0.1657,0.0979,0.1341,0.1514,0.1186,0.1738,0.1179,0.1546,0.0993,0.1348,0.1444,0.1074,0.0958,0.1303,0.1205,0.0865,0.1169,0.1539,0.0000,0.1414,0.1934,0.1155
43,0.0952,0.1555,0.0928,0.0852,0.1066,0.0990,0.1410,0.1007,0.1053,0.0932,0.0900,0.0817,0.0867,0.1316,0.1174,0.1072,0.1110,0.1484,0.0613,0.0930,0.0915,0.2351,0.0913,0.0592,0.1523,0.0528,0.0751,0.0997,0.0922,0.0755,0.0635,0.0927,0.1903,0.0742,0.1723,0.1225,0.0580,0.0996,0.1433,0.1159,0.0771,0.1414,0.0000,0.0701,0.1034
44,0.1498,0.2074,0.1425,0.1253,0.1552,0.1487,0.1871,0.1417,0.1481,0.0552,0.1365,0.1167,0.1189,0.1822,0.1697,0.1291,0.1615,0.1861,0.0723,0.1288,0.1252,0.2922,0.1339,0.0484,0.2079,0.0736,0.0808,0.1237,0.0792,0.1023,0.0662,0.1392,0.2336,0.0761,0.2208,0.1687,0.0792,0.1209,0.1932,0.1496,0.0685,0.1934,0.0701,0.0000,0.1343
Grand Total,0.0983,0.1196,0.0911,0.0942,0.1015,0.0957,0.1128,0.1044,0.1063,0.1568,0.0948,0.0915,0.0957,0.1082,0.1028,0.1013,0.0981,0.1244,0.1030,0.0891,0.0947,0.1879,0.0930,0.1124,0.1262,0.0994,0.1120,0.1055,0.1295,0.1004,0.1075,0.1017,0.1576,0.1077,0.1381,0.1094,0.0975,0.1125,0.1167,0.1118,0.1101,0.1155,0.1034,0.1343,0.1108
